{
 "cells": [
  {
   "attachments": {},
   "cell_type": "markdown",
   "metadata": {},
   "source": [
    "## Pair Programming Correlación y covarianza\n",
    "\n",
    "En este ejercicio de pair programming seguiréis usando el dataset que seleccionasteis ayer."
   ]
  },
  {
   "cell_type": "code",
   "execution_count": 1,
   "metadata": {},
   "outputs": [],
   "source": [
    "import numpy as np\n",
    "import pandas as pd\n",
    "import random \n",
    "import matplotlib.pyplot as plt\n",
    "import seaborn as sns\n",
    "import warnings \n",
    "warnings.filterwarnings('ignore')\n",
    "import researchpy as rp\n",
    "from scipy.stats import levene\n",
    "plt.rcParams[\"figure.figsize\"] = (10,8) "
   ]
  },
  {
   "cell_type": "code",
   "execution_count": 2,
   "metadata": {},
   "outputs": [
    {
     "data": {
      "text/html": [
       "<div>\n",
       "<style scoped>\n",
       "    .dataframe tbody tr th:only-of-type {\n",
       "        vertical-align: middle;\n",
       "    }\n",
       "\n",
       "    .dataframe tbody tr th {\n",
       "        vertical-align: top;\n",
       "    }\n",
       "\n",
       "    .dataframe thead th {\n",
       "        text-align: right;\n",
       "    }\n",
       "</style>\n",
       "<table border=\"1\" class=\"dataframe\">\n",
       "  <thead>\n",
       "    <tr style=\"text-align: right;\">\n",
       "      <th></th>\n",
       "      <th>area_code</th>\n",
       "      <th>state</th>\n",
       "      <th>market</th>\n",
       "      <th>market_size</th>\n",
       "      <th>profit</th>\n",
       "      <th>margin</th>\n",
       "      <th>sales</th>\n",
       "      <th>cogs</th>\n",
       "      <th>total_expenses</th>\n",
       "      <th>marketing</th>\n",
       "      <th>inventory</th>\n",
       "      <th>budget_profit</th>\n",
       "      <th>budget_cogs</th>\n",
       "      <th>budget_margin</th>\n",
       "      <th>budget_sales</th>\n",
       "      <th>productid</th>\n",
       "      <th>date</th>\n",
       "      <th>product_type</th>\n",
       "      <th>product</th>\n",
       "      <th>type</th>\n",
       "    </tr>\n",
       "  </thead>\n",
       "  <tbody>\n",
       "    <tr>\n",
       "      <th>1466</th>\n",
       "      <td>503</td>\n",
       "      <td>Oregon</td>\n",
       "      <td>West</td>\n",
       "      <td>Small Market</td>\n",
       "      <td>112.0</td>\n",
       "      <td>146.0</td>\n",
       "      <td>288.0</td>\n",
       "      <td>145.0</td>\n",
       "      <td>60.0</td>\n",
       "      <td>40.0</td>\n",
       "      <td>1304.0</td>\n",
       "      <td>90.0</td>\n",
       "      <td>130.0</td>\n",
       "      <td>140.0</td>\n",
       "      <td>270.0</td>\n",
       "      <td>6</td>\n",
       "      <td>2011-07-01</td>\n",
       "      <td>Espresso</td>\n",
       "      <td>Decaf Espresso</td>\n",
       "      <td>Decaf</td>\n",
       "    </tr>\n",
       "    <tr>\n",
       "      <th>2652</th>\n",
       "      <td>650</td>\n",
       "      <td>California</td>\n",
       "      <td>West</td>\n",
       "      <td>Major Market</td>\n",
       "      <td>47.0</td>\n",
       "      <td>73.0</td>\n",
       "      <td>123.0</td>\n",
       "      <td>50.0</td>\n",
       "      <td>26.0</td>\n",
       "      <td>14.0</td>\n",
       "      <td>589.0</td>\n",
       "      <td>40.0</td>\n",
       "      <td>30.0</td>\n",
       "      <td>50.0</td>\n",
       "      <td>80.0</td>\n",
       "      <td>12</td>\n",
       "      <td>2010-11-01</td>\n",
       "      <td>Tea</td>\n",
       "      <td>Earl Grey</td>\n",
       "      <td>Regular</td>\n",
       "    </tr>\n",
       "  </tbody>\n",
       "</table>\n",
       "</div>"
      ],
      "text/plain": [
       "      area_code       state market   market_size  profit  margin  sales  \\\n",
       "1466        503      Oregon   West  Small Market   112.0   146.0  288.0   \n",
       "2652        650  California   West  Major Market    47.0    73.0  123.0   \n",
       "\n",
       "       cogs  total_expenses  marketing  inventory  budget_profit  budget_cogs  \\\n",
       "1466  145.0            60.0       40.0     1304.0           90.0        130.0   \n",
       "2652   50.0            26.0       14.0      589.0           40.0         30.0   \n",
       "\n",
       "      budget_margin  budget_sales  productid        date product_type  \\\n",
       "1466          140.0         270.0          6  2011-07-01     Espresso   \n",
       "2652           50.0          80.0         12  2010-11-01          Tea   \n",
       "\n",
       "             product     type  \n",
       "1466  Decaf Espresso    Decaf  \n",
       "2652       Earl Grey  Regular  "
      ]
     },
     "execution_count": 2,
     "metadata": {},
     "output_type": "execute_result"
    }
   ],
   "source": [
    "sales = pd.read_csv(\"../DA-PromoC-Modulo3-Sprint1-Lola-Noemi/ficheros/sales2.csv\",index_col =0)\n",
    "sales.sample(2)"
   ]
  },
  {
   "attachments": {},
   "cell_type": "markdown",
   "metadata": {},
   "source": [
    "1. Pregunta teórica: ¿Qué diferencia existe entre la covarianza y la correlación?"
   ]
  },
  {
   "attachments": {},
   "cell_type": "markdown",
   "metadata": {},
   "source": [
    "La covarianza depende de la escala de las variables y la correlación toma valores entre -1 y 1. La covarianza indica si ambas variables varían el la misma dirección (si una aumenta y la otra también sería positiva y si una aumenta y la otra disminuye, sería covarianza negativa). La correlación es similar sólo que indica de qué tipo es : si es 0 , no hay correlación y cuanto más se acerque este valor a 1 ó -1 más fuerte será."
   ]
  },
  {
   "attachments": {},
   "cell_type": "markdown",
   "metadata": {},
   "source": [
    "2. Calculad la covarianza y la correlación de nuestro dataset. No nos vale solo con que la calculéis, debéis hacer una interpretación de los resultados obtenidos. Calculad solo la correlación de Pearson.\n"
   ]
  },
  {
   "cell_type": "code",
   "execution_count": 3,
   "metadata": {},
   "outputs": [
    {
     "data": {
      "text/html": [
       "<div>\n",
       "<style scoped>\n",
       "    .dataframe tbody tr th:only-of-type {\n",
       "        vertical-align: middle;\n",
       "    }\n",
       "\n",
       "    .dataframe tbody tr th {\n",
       "        vertical-align: top;\n",
       "    }\n",
       "\n",
       "    .dataframe thead th {\n",
       "        text-align: right;\n",
       "    }\n",
       "</style>\n",
       "<table border=\"1\" class=\"dataframe\">\n",
       "  <thead>\n",
       "    <tr style=\"text-align: right;\">\n",
       "      <th></th>\n",
       "      <th>area_code</th>\n",
       "      <th>profit</th>\n",
       "      <th>margin</th>\n",
       "      <th>sales</th>\n",
       "      <th>cogs</th>\n",
       "      <th>total_expenses</th>\n",
       "      <th>marketing</th>\n",
       "      <th>inventory</th>\n",
       "      <th>budget_profit</th>\n",
       "      <th>budget_cogs</th>\n",
       "      <th>budget_margin</th>\n",
       "      <th>budget_sales</th>\n",
       "      <th>productid</th>\n",
       "    </tr>\n",
       "  </thead>\n",
       "  <tbody>\n",
       "    <tr>\n",
       "      <th>area_code</th>\n",
       "      <td>1.000000</td>\n",
       "      <td>0.050748</td>\n",
       "      <td>0.023084</td>\n",
       "      <td>0.032290</td>\n",
       "      <td>0.044882</td>\n",
       "      <td>0.021877</td>\n",
       "      <td>0.034969</td>\n",
       "      <td>0.046168</td>\n",
       "      <td>0.034840</td>\n",
       "      <td>0.066774</td>\n",
       "      <td>0.024066</td>\n",
       "      <td>0.046825</td>\n",
       "      <td>0.024297</td>\n",
       "    </tr>\n",
       "    <tr>\n",
       "      <th>profit</th>\n",
       "      <td>0.050748</td>\n",
       "      <td>1.000000</td>\n",
       "      <td>0.679517</td>\n",
       "      <td>0.678077</td>\n",
       "      <td>0.560632</td>\n",
       "      <td>0.168639</td>\n",
       "      <td>0.338935</td>\n",
       "      <td>0.371779</td>\n",
       "      <td>0.786490</td>\n",
       "      <td>0.483241</td>\n",
       "      <td>0.635901</td>\n",
       "      <td>0.614178</td>\n",
       "      <td>0.062634</td>\n",
       "    </tr>\n",
       "    <tr>\n",
       "      <th>margin</th>\n",
       "      <td>0.023084</td>\n",
       "      <td>0.679517</td>\n",
       "      <td>1.000000</td>\n",
       "      <td>0.842340</td>\n",
       "      <td>0.708399</td>\n",
       "      <td>0.364928</td>\n",
       "      <td>0.434993</td>\n",
       "      <td>0.266684</td>\n",
       "      <td>0.698354</td>\n",
       "      <td>0.580595</td>\n",
       "      <td>0.847736</td>\n",
       "      <td>0.773302</td>\n",
       "      <td>0.021372</td>\n",
       "    </tr>\n",
       "    <tr>\n",
       "      <th>sales</th>\n",
       "      <td>0.032290</td>\n",
       "      <td>0.678077</td>\n",
       "      <td>0.842340</td>\n",
       "      <td>1.000000</td>\n",
       "      <td>0.897648</td>\n",
       "      <td>0.410436</td>\n",
       "      <td>0.468749</td>\n",
       "      <td>0.281529</td>\n",
       "      <td>0.660305</td>\n",
       "      <td>0.703862</td>\n",
       "      <td>0.765206</td>\n",
       "      <td>0.855497</td>\n",
       "      <td>-0.029842</td>\n",
       "    </tr>\n",
       "    <tr>\n",
       "      <th>cogs</th>\n",
       "      <td>0.044882</td>\n",
       "      <td>0.560632</td>\n",
       "      <td>0.708399</td>\n",
       "      <td>0.897648</td>\n",
       "      <td>1.000000</td>\n",
       "      <td>0.449488</td>\n",
       "      <td>0.497927</td>\n",
       "      <td>0.346246</td>\n",
       "      <td>0.567080</td>\n",
       "      <td>0.798947</td>\n",
       "      <td>0.641231</td>\n",
       "      <td>0.799315</td>\n",
       "      <td>-0.063275</td>\n",
       "    </tr>\n",
       "    <tr>\n",
       "      <th>total_expenses</th>\n",
       "      <td>0.021877</td>\n",
       "      <td>0.168639</td>\n",
       "      <td>0.364928</td>\n",
       "      <td>0.410436</td>\n",
       "      <td>0.449488</td>\n",
       "      <td>1.000000</td>\n",
       "      <td>0.860492</td>\n",
       "      <td>0.133032</td>\n",
       "      <td>0.177890</td>\n",
       "      <td>0.445816</td>\n",
       "      <td>0.357308</td>\n",
       "      <td>0.426840</td>\n",
       "      <td>-0.065797</td>\n",
       "    </tr>\n",
       "    <tr>\n",
       "      <th>marketing</th>\n",
       "      <td>0.034969</td>\n",
       "      <td>0.338935</td>\n",
       "      <td>0.434993</td>\n",
       "      <td>0.468749</td>\n",
       "      <td>0.497927</td>\n",
       "      <td>0.860492</td>\n",
       "      <td>1.000000</td>\n",
       "      <td>0.284735</td>\n",
       "      <td>0.326558</td>\n",
       "      <td>0.501304</td>\n",
       "      <td>0.421071</td>\n",
       "      <td>0.488492</td>\n",
       "      <td>-0.027218</td>\n",
       "    </tr>\n",
       "    <tr>\n",
       "      <th>inventory</th>\n",
       "      <td>0.046168</td>\n",
       "      <td>0.371779</td>\n",
       "      <td>0.266684</td>\n",
       "      <td>0.281529</td>\n",
       "      <td>0.346246</td>\n",
       "      <td>0.133032</td>\n",
       "      <td>0.284735</td>\n",
       "      <td>1.000000</td>\n",
       "      <td>0.384393</td>\n",
       "      <td>0.373536</td>\n",
       "      <td>0.291848</td>\n",
       "      <td>0.344512</td>\n",
       "      <td>0.002309</td>\n",
       "    </tr>\n",
       "    <tr>\n",
       "      <th>budget_profit</th>\n",
       "      <td>0.034840</td>\n",
       "      <td>0.786490</td>\n",
       "      <td>0.698354</td>\n",
       "      <td>0.660305</td>\n",
       "      <td>0.567080</td>\n",
       "      <td>0.177890</td>\n",
       "      <td>0.326558</td>\n",
       "      <td>0.384393</td>\n",
       "      <td>1.000000</td>\n",
       "      <td>0.587998</td>\n",
       "      <td>0.816839</td>\n",
       "      <td>0.738006</td>\n",
       "      <td>-0.023871</td>\n",
       "    </tr>\n",
       "    <tr>\n",
       "      <th>budget_cogs</th>\n",
       "      <td>0.066774</td>\n",
       "      <td>0.483241</td>\n",
       "      <td>0.580595</td>\n",
       "      <td>0.703862</td>\n",
       "      <td>0.798947</td>\n",
       "      <td>0.445816</td>\n",
       "      <td>0.501304</td>\n",
       "      <td>0.373536</td>\n",
       "      <td>0.587998</td>\n",
       "      <td>1.000000</td>\n",
       "      <td>0.672105</td>\n",
       "      <td>0.823558</td>\n",
       "      <td>-0.108774</td>\n",
       "    </tr>\n",
       "    <tr>\n",
       "      <th>budget_margin</th>\n",
       "      <td>0.024066</td>\n",
       "      <td>0.635901</td>\n",
       "      <td>0.847736</td>\n",
       "      <td>0.765206</td>\n",
       "      <td>0.641231</td>\n",
       "      <td>0.357308</td>\n",
       "      <td>0.421071</td>\n",
       "      <td>0.291848</td>\n",
       "      <td>0.816839</td>\n",
       "      <td>0.672105</td>\n",
       "      <td>1.000000</td>\n",
       "      <td>0.850510</td>\n",
       "      <td>-0.059586</td>\n",
       "    </tr>\n",
       "    <tr>\n",
       "      <th>budget_sales</th>\n",
       "      <td>0.046825</td>\n",
       "      <td>0.614178</td>\n",
       "      <td>0.773302</td>\n",
       "      <td>0.855497</td>\n",
       "      <td>0.799315</td>\n",
       "      <td>0.426840</td>\n",
       "      <td>0.488492</td>\n",
       "      <td>0.344512</td>\n",
       "      <td>0.738006</td>\n",
       "      <td>0.823558</td>\n",
       "      <td>0.850510</td>\n",
       "      <td>1.000000</td>\n",
       "      <td>-0.146055</td>\n",
       "    </tr>\n",
       "    <tr>\n",
       "      <th>productid</th>\n",
       "      <td>0.024297</td>\n",
       "      <td>0.062634</td>\n",
       "      <td>0.021372</td>\n",
       "      <td>-0.029842</td>\n",
       "      <td>-0.063275</td>\n",
       "      <td>-0.065797</td>\n",
       "      <td>-0.027218</td>\n",
       "      <td>0.002309</td>\n",
       "      <td>-0.023871</td>\n",
       "      <td>-0.108774</td>\n",
       "      <td>-0.059586</td>\n",
       "      <td>-0.146055</td>\n",
       "      <td>1.000000</td>\n",
       "    </tr>\n",
       "  </tbody>\n",
       "</table>\n",
       "</div>"
      ],
      "text/plain": [
       "                area_code    profit    margin     sales      cogs  \\\n",
       "area_code        1.000000  0.050748  0.023084  0.032290  0.044882   \n",
       "profit           0.050748  1.000000  0.679517  0.678077  0.560632   \n",
       "margin           0.023084  0.679517  1.000000  0.842340  0.708399   \n",
       "sales            0.032290  0.678077  0.842340  1.000000  0.897648   \n",
       "cogs             0.044882  0.560632  0.708399  0.897648  1.000000   \n",
       "total_expenses   0.021877  0.168639  0.364928  0.410436  0.449488   \n",
       "marketing        0.034969  0.338935  0.434993  0.468749  0.497927   \n",
       "inventory        0.046168  0.371779  0.266684  0.281529  0.346246   \n",
       "budget_profit    0.034840  0.786490  0.698354  0.660305  0.567080   \n",
       "budget_cogs      0.066774  0.483241  0.580595  0.703862  0.798947   \n",
       "budget_margin    0.024066  0.635901  0.847736  0.765206  0.641231   \n",
       "budget_sales     0.046825  0.614178  0.773302  0.855497  0.799315   \n",
       "productid        0.024297  0.062634  0.021372 -0.029842 -0.063275   \n",
       "\n",
       "                total_expenses  marketing  inventory  budget_profit  \\\n",
       "area_code             0.021877   0.034969   0.046168       0.034840   \n",
       "profit                0.168639   0.338935   0.371779       0.786490   \n",
       "margin                0.364928   0.434993   0.266684       0.698354   \n",
       "sales                 0.410436   0.468749   0.281529       0.660305   \n",
       "cogs                  0.449488   0.497927   0.346246       0.567080   \n",
       "total_expenses        1.000000   0.860492   0.133032       0.177890   \n",
       "marketing             0.860492   1.000000   0.284735       0.326558   \n",
       "inventory             0.133032   0.284735   1.000000       0.384393   \n",
       "budget_profit         0.177890   0.326558   0.384393       1.000000   \n",
       "budget_cogs           0.445816   0.501304   0.373536       0.587998   \n",
       "budget_margin         0.357308   0.421071   0.291848       0.816839   \n",
       "budget_sales          0.426840   0.488492   0.344512       0.738006   \n",
       "productid            -0.065797  -0.027218   0.002309      -0.023871   \n",
       "\n",
       "                budget_cogs  budget_margin  budget_sales  productid  \n",
       "area_code          0.066774       0.024066      0.046825   0.024297  \n",
       "profit             0.483241       0.635901      0.614178   0.062634  \n",
       "margin             0.580595       0.847736      0.773302   0.021372  \n",
       "sales              0.703862       0.765206      0.855497  -0.029842  \n",
       "cogs               0.798947       0.641231      0.799315  -0.063275  \n",
       "total_expenses     0.445816       0.357308      0.426840  -0.065797  \n",
       "marketing          0.501304       0.421071      0.488492  -0.027218  \n",
       "inventory          0.373536       0.291848      0.344512   0.002309  \n",
       "budget_profit      0.587998       0.816839      0.738006  -0.023871  \n",
       "budget_cogs        1.000000       0.672105      0.823558  -0.108774  \n",
       "budget_margin      0.672105       1.000000      0.850510  -0.059586  \n",
       "budget_sales       0.823558       0.850510      1.000000  -0.146055  \n",
       "productid         -0.108774      -0.059586     -0.146055   1.000000  "
      ]
     },
     "execution_count": 3,
     "metadata": {},
     "output_type": "execute_result"
    }
   ],
   "source": [
    "sales.corr() # correlacion"
   ]
  },
  {
   "attachments": {},
   "cell_type": "markdown",
   "metadata": {},
   "source": [
    "Distinguimos correlación de profit baja con total_expenses, marketing, inventory.\n",
    "\n",
    "Correlación de profit moderada con margin, sales , cogs(gastos), su presupuesto (budget_cogs) y budget sales o presupuesto de ventas. \n",
    "La correlación más alta se  corresponde con budget profit, como era de esperar.\n",
    "\n",
    "Nos llama la atención que los costes no están relacionados con el beneficio, esto puede ser porque haya productos de coste alto y poco beneficio.\n"
   ]
  },
  {
   "cell_type": "code",
   "execution_count": 4,
   "metadata": {},
   "outputs": [
    {
     "data": {
      "text/html": [
       "<div>\n",
       "<style scoped>\n",
       "    .dataframe tbody tr th:only-of-type {\n",
       "        vertical-align: middle;\n",
       "    }\n",
       "\n",
       "    .dataframe tbody tr th {\n",
       "        vertical-align: top;\n",
       "    }\n",
       "\n",
       "    .dataframe thead th {\n",
       "        text-align: right;\n",
       "    }\n",
       "</style>\n",
       "<table border=\"1\" class=\"dataframe\">\n",
       "  <thead>\n",
       "    <tr style=\"text-align: right;\">\n",
       "      <th></th>\n",
       "      <th>area_code</th>\n",
       "      <th>profit</th>\n",
       "      <th>margin</th>\n",
       "      <th>sales</th>\n",
       "      <th>cogs</th>\n",
       "      <th>total_expenses</th>\n",
       "      <th>marketing</th>\n",
       "      <th>inventory</th>\n",
       "      <th>budget_profit</th>\n",
       "      <th>budget_cogs</th>\n",
       "      <th>budget_margin</th>\n",
       "      <th>budget_sales</th>\n",
       "      <th>productid</th>\n",
       "    </tr>\n",
       "  </thead>\n",
       "  <tbody>\n",
       "    <tr>\n",
       "      <th>area_code</th>\n",
       "      <td>48903.036653</td>\n",
       "      <td>541.022419</td>\n",
       "      <td>251.672047</td>\n",
       "      <td>546.881254</td>\n",
       "      <td>336.145816</td>\n",
       "      <td>105.818188</td>\n",
       "      <td>127.390238</td>\n",
       "      <td>3022.822000</td>\n",
       "      <td>299.741994</td>\n",
       "      <td>552.619499</td>\n",
       "      <td>267.503960</td>\n",
       "      <td>815.168484</td>\n",
       "      <td>19.687178</td>\n",
       "    </tr>\n",
       "    <tr>\n",
       "      <th>profit</th>\n",
       "      <td>541.022419</td>\n",
       "      <td>2324.136578</td>\n",
       "      <td>1615.076200</td>\n",
       "      <td>2503.581471</td>\n",
       "      <td>915.365179</td>\n",
       "      <td>177.826185</td>\n",
       "      <td>269.170655</td>\n",
       "      <td>5306.688207</td>\n",
       "      <td>1475.134266</td>\n",
       "      <td>871.858311</td>\n",
       "      <td>1540.884496</td>\n",
       "      <td>2330.940095</td>\n",
       "      <td>11.063802</td>\n",
       "    </tr>\n",
       "    <tr>\n",
       "      <th>margin</th>\n",
       "      <td>251.672047</td>\n",
       "      <td>1615.076200</td>\n",
       "      <td>2430.658075</td>\n",
       "      <td>3180.540711</td>\n",
       "      <td>1182.839234</td>\n",
       "      <td>393.527885</td>\n",
       "      <td>353.285089</td>\n",
       "      <td>3892.838551</td>\n",
       "      <td>1339.507746</td>\n",
       "      <td>1071.240643</td>\n",
       "      <td>2100.740394</td>\n",
       "      <td>3001.354236</td>\n",
       "      <td>3.860786</td>\n",
       "    </tr>\n",
       "    <tr>\n",
       "      <th>sales</th>\n",
       "      <td>546.881254</td>\n",
       "      <td>2503.581471</td>\n",
       "      <td>3180.540711</td>\n",
       "      <td>5865.477800</td>\n",
       "      <td>2328.324093</td>\n",
       "      <td>687.550202</td>\n",
       "      <td>591.388660</td>\n",
       "      <td>6383.844696</td>\n",
       "      <td>1967.450876</td>\n",
       "      <td>2017.394342</td>\n",
       "      <td>2945.642271</td>\n",
       "      <td>5157.937856</td>\n",
       "      <td>-8.374342</td>\n",
       "    </tr>\n",
       "    <tr>\n",
       "      <th>cogs</th>\n",
       "      <td>336.145816</td>\n",
       "      <td>915.365179</td>\n",
       "      <td>1182.839234</td>\n",
       "      <td>2328.324093</td>\n",
       "      <td>1147.020724</td>\n",
       "      <td>332.974444</td>\n",
       "      <td>277.799952</td>\n",
       "      <td>3471.983491</td>\n",
       "      <td>747.201308</td>\n",
       "      <td>1012.640229</td>\n",
       "      <td>1091.565625</td>\n",
       "      <td>2131.127616</td>\n",
       "      <td>-7.852035</td>\n",
       "    </tr>\n",
       "    <tr>\n",
       "      <th>total_expenses</th>\n",
       "      <td>105.818188</td>\n",
       "      <td>177.826185</td>\n",
       "      <td>393.527885</td>\n",
       "      <td>687.550202</td>\n",
       "      <td>332.974444</td>\n",
       "      <td>478.424995</td>\n",
       "      <td>310.052090</td>\n",
       "      <td>861.529588</td>\n",
       "      <td>151.378957</td>\n",
       "      <td>364.933888</td>\n",
       "      <td>392.824946</td>\n",
       "      <td>734.984625</td>\n",
       "      <td>-5.273263</td>\n",
       "    </tr>\n",
       "    <tr>\n",
       "      <th>marketing</th>\n",
       "      <td>127.390238</td>\n",
       "      <td>269.170655</td>\n",
       "      <td>353.285089</td>\n",
       "      <td>591.388660</td>\n",
       "      <td>277.799952</td>\n",
       "      <td>310.052090</td>\n",
       "      <td>271.370001</td>\n",
       "      <td>1388.769688</td>\n",
       "      <td>209.290231</td>\n",
       "      <td>309.053336</td>\n",
       "      <td>348.646859</td>\n",
       "      <td>633.496885</td>\n",
       "      <td>-1.642848</td>\n",
       "    </tr>\n",
       "    <tr>\n",
       "      <th>inventory</th>\n",
       "      <td>3022.822000</td>\n",
       "      <td>5306.688207</td>\n",
       "      <td>3892.838551</td>\n",
       "      <td>6383.844696</td>\n",
       "      <td>3471.983491</td>\n",
       "      <td>861.529588</td>\n",
       "      <td>1388.769688</td>\n",
       "      <td>87662.869458</td>\n",
       "      <td>4427.829127</td>\n",
       "      <td>4138.970566</td>\n",
       "      <td>4343.242353</td>\n",
       "      <td>8030.054575</td>\n",
       "      <td>2.504502</td>\n",
       "    </tr>\n",
       "    <tr>\n",
       "      <th>budget_profit</th>\n",
       "      <td>299.741994</td>\n",
       "      <td>1475.134266</td>\n",
       "      <td>1339.507746</td>\n",
       "      <td>1967.450876</td>\n",
       "      <td>747.201308</td>\n",
       "      <td>151.378957</td>\n",
       "      <td>209.290231</td>\n",
       "      <td>4427.829127</td>\n",
       "      <td>1513.614972</td>\n",
       "      <td>856.120838</td>\n",
       "      <td>1597.327237</td>\n",
       "      <td>2260.339701</td>\n",
       "      <td>-3.402814</td>\n",
       "    </tr>\n",
       "    <tr>\n",
       "      <th>budget_cogs</th>\n",
       "      <td>552.619499</td>\n",
       "      <td>871.858311</td>\n",
       "      <td>1071.240643</td>\n",
       "      <td>2017.394342</td>\n",
       "      <td>1012.640229</td>\n",
       "      <td>364.933888</td>\n",
       "      <td>309.053336</td>\n",
       "      <td>4138.970566</td>\n",
       "      <td>856.120838</td>\n",
       "      <td>1400.564905</td>\n",
       "      <td>1264.266767</td>\n",
       "      <td>2426.340228</td>\n",
       "      <td>-14.915653</td>\n",
       "    </tr>\n",
       "    <tr>\n",
       "      <th>budget_margin</th>\n",
       "      <td>267.503960</td>\n",
       "      <td>1540.884496</td>\n",
       "      <td>2100.740394</td>\n",
       "      <td>2945.642271</td>\n",
       "      <td>1091.565625</td>\n",
       "      <td>392.824946</td>\n",
       "      <td>348.646859</td>\n",
       "      <td>4343.242353</td>\n",
       "      <td>1597.327237</td>\n",
       "      <td>1264.266767</td>\n",
       "      <td>2526.384172</td>\n",
       "      <td>3365.386734</td>\n",
       "      <td>-10.973781</td>\n",
       "    </tr>\n",
       "    <tr>\n",
       "      <th>budget_sales</th>\n",
       "      <td>815.168484</td>\n",
       "      <td>2330.940095</td>\n",
       "      <td>3001.354236</td>\n",
       "      <td>5157.937856</td>\n",
       "      <td>2131.127616</td>\n",
       "      <td>734.984625</td>\n",
       "      <td>633.496885</td>\n",
       "      <td>8030.054575</td>\n",
       "      <td>2260.339701</td>\n",
       "      <td>2426.340228</td>\n",
       "      <td>3365.386734</td>\n",
       "      <td>6197.436077</td>\n",
       "      <td>-42.129599</td>\n",
       "    </tr>\n",
       "    <tr>\n",
       "      <th>productid</th>\n",
       "      <td>19.687178</td>\n",
       "      <td>11.063802</td>\n",
       "      <td>3.860786</td>\n",
       "      <td>-8.374342</td>\n",
       "      <td>-7.852035</td>\n",
       "      <td>-5.273263</td>\n",
       "      <td>-1.642848</td>\n",
       "      <td>2.504502</td>\n",
       "      <td>-3.402814</td>\n",
       "      <td>-14.915653</td>\n",
       "      <td>-10.973781</td>\n",
       "      <td>-42.129599</td>\n",
       "      <td>13.425421</td>\n",
       "    </tr>\n",
       "  </tbody>\n",
       "</table>\n",
       "</div>"
      ],
      "text/plain": [
       "                   area_code       profit       margin        sales  \\\n",
       "area_code       48903.036653   541.022419   251.672047   546.881254   \n",
       "profit            541.022419  2324.136578  1615.076200  2503.581471   \n",
       "margin            251.672047  1615.076200  2430.658075  3180.540711   \n",
       "sales             546.881254  2503.581471  3180.540711  5865.477800   \n",
       "cogs              336.145816   915.365179  1182.839234  2328.324093   \n",
       "total_expenses    105.818188   177.826185   393.527885   687.550202   \n",
       "marketing         127.390238   269.170655   353.285089   591.388660   \n",
       "inventory        3022.822000  5306.688207  3892.838551  6383.844696   \n",
       "budget_profit     299.741994  1475.134266  1339.507746  1967.450876   \n",
       "budget_cogs       552.619499   871.858311  1071.240643  2017.394342   \n",
       "budget_margin     267.503960  1540.884496  2100.740394  2945.642271   \n",
       "budget_sales      815.168484  2330.940095  3001.354236  5157.937856   \n",
       "productid          19.687178    11.063802     3.860786    -8.374342   \n",
       "\n",
       "                       cogs  total_expenses    marketing     inventory  \\\n",
       "area_code        336.145816      105.818188   127.390238   3022.822000   \n",
       "profit           915.365179      177.826185   269.170655   5306.688207   \n",
       "margin          1182.839234      393.527885   353.285089   3892.838551   \n",
       "sales           2328.324093      687.550202   591.388660   6383.844696   \n",
       "cogs            1147.020724      332.974444   277.799952   3471.983491   \n",
       "total_expenses   332.974444      478.424995   310.052090    861.529588   \n",
       "marketing        277.799952      310.052090   271.370001   1388.769688   \n",
       "inventory       3471.983491      861.529588  1388.769688  87662.869458   \n",
       "budget_profit    747.201308      151.378957   209.290231   4427.829127   \n",
       "budget_cogs     1012.640229      364.933888   309.053336   4138.970566   \n",
       "budget_margin   1091.565625      392.824946   348.646859   4343.242353   \n",
       "budget_sales    2131.127616      734.984625   633.496885   8030.054575   \n",
       "productid         -7.852035       -5.273263    -1.642848      2.504502   \n",
       "\n",
       "                budget_profit  budget_cogs  budget_margin  budget_sales  \\\n",
       "area_code          299.741994   552.619499     267.503960    815.168484   \n",
       "profit            1475.134266   871.858311    1540.884496   2330.940095   \n",
       "margin            1339.507746  1071.240643    2100.740394   3001.354236   \n",
       "sales             1967.450876  2017.394342    2945.642271   5157.937856   \n",
       "cogs               747.201308  1012.640229    1091.565625   2131.127616   \n",
       "total_expenses     151.378957   364.933888     392.824946    734.984625   \n",
       "marketing          209.290231   309.053336     348.646859    633.496885   \n",
       "inventory         4427.829127  4138.970566    4343.242353   8030.054575   \n",
       "budget_profit     1513.614972   856.120838    1597.327237   2260.339701   \n",
       "budget_cogs        856.120838  1400.564905    1264.266767   2426.340228   \n",
       "budget_margin     1597.327237  1264.266767    2526.384172   3365.386734   \n",
       "budget_sales      2260.339701  2426.340228    3365.386734   6197.436077   \n",
       "productid           -3.402814   -14.915653     -10.973781    -42.129599   \n",
       "\n",
       "                productid  \n",
       "area_code       19.687178  \n",
       "profit          11.063802  \n",
       "margin           3.860786  \n",
       "sales           -8.374342  \n",
       "cogs            -7.852035  \n",
       "total_expenses  -5.273263  \n",
       "marketing       -1.642848  \n",
       "inventory        2.504502  \n",
       "budget_profit   -3.402814  \n",
       "budget_cogs    -14.915653  \n",
       "budget_margin  -10.973781  \n",
       "budget_sales   -42.129599  \n",
       "productid       13.425421  "
      ]
     },
     "execution_count": 4,
     "metadata": {},
     "output_type": "execute_result"
    }
   ],
   "source": [
    "sales.cov() # covarianza"
   ]
  },
  {
   "attachments": {},
   "cell_type": "markdown",
   "metadata": {},
   "source": [
    "3. Con los resultados de la correlación del ejercicio anterior, cread un heatmap."
   ]
  },
  {
   "cell_type": "code",
   "execution_count": 5,
   "metadata": {},
   "outputs": [
    {
     "data": {
